ISS (ZARYA)
1 25544U 98067A   25350.51234567  .00001234  00000-0  12345-4 0  9990
2 25544  51.6432 123.4567 0001234 234.5678 345.6789 15.12345678901234

HST
1 20580U 90037B   25350.51234567  .00005678  00000-0  23456-4 0  9991
2 20580  28.4696 180.1234 0001234  12.3456  34.5678 15.12345678901234

NOAA 15
1 25338U 98030A   25350.51234567  .00001234  00000-0  34567-4 0  9992
2 25338  98.7033  75.1234 0012345  56.7890 123.4567 14.25987654321098

NOAA 18
1 28654U 05018A   25350.51234567  .00003456  00000-0  45678-4 0  9993
2 28654  99.1234  60.9876 0012345  65.4321 234.5678 14.12567890123456

METEOR-M 2
1 40069U 15038A   25350.51234567  .00004567  00000-0  56789-4 0  9994
2 40069  98.6621 120.1234 0012345  78.1234 345.6789 14.74234567890123

TIANGONG 1
1 37820U 11053A   25350.51234567  .00001111  00000-0  67890-4 0  9995
2 37820  42.7845  10.9876 0012345  34.5678  45.6789 15.12345678901234

FENGYUN 1C
1 20528U 90037C   25350.51234567  .00006789  00000-0  78901-4 0  9996
2 20528  99.1234  45.6789 0012345  12.3456  34.5678 14.98765432109876

TIROS N
1 26105U 99055A   25350.51234567  .00002345  00000-0  89012-4 0  9997
2 26105  98.7654  50.1234 0012345  56.7890 123.4567 14.34567890123456

ENVI SAT
1 28599U 05013A   25350.51234567  .00003456  00000-0  90123-4 0  9998
2 28599  98.7654  40.9876 0012345  65.4321 234.5678 14.56789012345678

COSMOS 2251
1 22675U 94051A   25350.51234567  .00004567  00000-0  01234-4 0  9999
2 22675  74.0000 100.0000 0012345  12.3456  34.5678 14.87654321098765
